1 28 16 -1 -1

tileset 2 zoria/
zoria
zoria_2

element 0

384 384 384 449 384 451 384 417 384 384 384 384 384 384 384 450 384 451 384 384 417 384 384 450 384 449 384 384 
384 384 384 384 384 384 384 384 384 384 384 451 384 451 384 417 384 451 417 449 384 384 384 384 384 384 384 384 
453 453 453 453 453 453 453 453 387 451 384 384 384 449 384 384 450 384 384 384 384 386 453 453 453 453 453 453 
384 384 384 384 384 384 384 384 420 384 384 450 384 384 384 384 449 384 384 384 386 454 385 384 384 384 384 384 
384 384 450 384 384 384 384 384 452 387 384 384 384 451 451 384 451 384 384 384 422 385 384 384 417 384 384 384 
417 384 450 384 384 451 384 384 384 452 453 387 384 384 384 384 384 384 384 386 454 384 384 384 449 417 384 384 
384 384 384 384 384 451 384 384 384 384 384 452 453 453 453 453 453 453 453 454 384 451 384 417 449 384 384 384 
384 384 449 449 417 450 384 384 384 384 384 384 384 384 384 384 384 384 384 450 384 384 384 384 384 384 417 384 
384 384 384 417 384 384 384 384 384 417 384 450 384 384 451 417 384 384 384 451 384 384 417 384 384 449 384 384 
384 384 384 384 384 384 384 384 384 384 449 384 384 384 384 450 384 384 384 451 384 384 384 384 450 384 384 384 
384 384 450 384 384 384 384 450 384 384 384 384 384 384 384 417 384 384 384 384 384 384 384 384 384 384 384 384 
384 384 384 384 333 333 333 333 333 384 384 451 384 384 384 451 384 384 384 384 384 384 384 333 333 333 333 333 
384 384 384 334 0 0 0 0 0 332 333 333 333 384 384 384 333 333 333 333 333 333 334 0 0 0 0 0 
384 384 334 0 0 39 37 0 73 0 39 0 0 300 384 334 0 0 37 0 0 0 73 0 107 108 39 0 
384 302 0 0 73 0 39 37 73 37 0 73 0 300 302 0 0 37 0 0 73 0 39 73 139 140 37 0 
384 302 0 0 0 73 0 0 0 0 0 0 0 300 302 0 0 0 0 0 0 37 0 0 37 0 0 0 
