1 1 28 16 -1 -1

tileset 2 zoria/
zoria
zoria_2

element 0

trigger 0

384 384 384 384 384 384 384 384 384 451 384 384 384 384 417 384 384 384 417 384 451 449 384 384 384 450 384 384 
384 451 384 384 449 384 450 384 417 384 384 417 384 384 386 453 453 453 453 453 453 453 453 453 387 384 449 384 
384 384 384 450 384 384 384 449 384 384 384 386 453 453 454 384 384 384 384 384 384 384 384 384 452 453 453 453 
384 384 449 384 384 417 384 384 384 384 386 454 384 384 384 384 384 68 69 70 71 72 384 384 384 384 384 384 
384 417 384 384 384 450 384 384 384 386 454 384 384 384 417 384 384 100 101 102 103 104 417 384 384 384 384 384 
384 384 451 384 417 384 384 386 453 454 384 384 384 384 384 450 384 132 133 134 135 136 384 384 384 451 384 384 
384 384 384 384 384 384 386 454 384 384 384 384 384 384 384 384 384 164 165 166 167 168 384 450 384 384 384 384 
384 450 449 384 384 386 454 384 384 384 417 384 451 449 384 384 384 196 197 198 199 200 384 384 384 449 384 384 
384 384 384 384 384 422 384 449 384 384 384 384 384 384 449 384 384 417 417 384 384 384 449 384 450 384 384 384 
384 384 384 386 453 454 384 384 384 384 384 384 384 450 384 384 384 417 384 449 384 384 384 384 384 384 384 384 
450 384 384 422 384 384 384 384 384 451 384 384 384 384 384 384 384 384 384 384 384 384 384 384 384 384 384 384 
384 449 384 422 384 451 384 384 384 384 450 384 384 384 384 417 384 451 384 384 384 450 451 384 417 384 449 384 
384 449 384 422 384 384 384 449 384 417 384 384 384 384 449 384 384 384 384 384 449 384 384 384 417 417 449 384 
384 384 384 422 384 384 384 449 384 384 384 451 384 384 384 384 384 384 384 384 384 417 384 384 384 384 384 384 
384 384 384 422 384 384 384 384 384 417 384 384 384 384 384 384 384 384 384 384 384 384 384 384 384 384 384 384 
384 384 384 422 384 384 384 384 384 384 384 384 384 384 384 450 384 384 384 384 384 384 384 384 384 384 384 384 
