1 28 16 -1 -1

tileset 2 zoria/
zoria
zoria_2

element 0

384 449 422 417 302 0 0 73 40 0 0 0 0 0 0 0 0 73 0 0 73 0 0 37 0 0 0 0 
384 384 422 384 302 107 108 0 0 6 37 37 40 73 5 0 40 0 6 0 107 108 107 108 107 108 107 108 
450 384 422 451 302 75 76 1 37 6 1 73 1 1 1 37 0 1 1 0 139 140 139 140 139 140 139 140 
417 386 454 417 302 75 76 1 107 108 107 108 107 108 107 108 0 107 108 37 73 0 0 0 6 0 73 0 
384 422 451 384 334 75 76 5 75 76 75 76 75 76 75 76 0 75 76 107 108 107 108 37 0 73 0 0 
386 454 384 302 39 75 76 1 139 140 139 140 139 140 139 140 0 139 140 139 140 139 140 0 107 108 107 108 
422 384 384 302 0 75 76 40 1 6 1 40 1 37 1 73 37 1 1 1 0 1 5 0 75 76 75 76 
422 384 417 302 107 76 75 108 107 108 107 108 107 108 107 108 0 107 108 107 108 37 0 73 75 76 75 76 
422 384 384 302 75 76 75 76 139 140 139 140 139 140 139 140 0 75 76 75 76 1 0 37 75 76 75 76 
422 449 384 302 75 76 139 140 3 0 6 73 0 5 0 0 0 75 76 75 76 40 0 73 75 76 75 76 
422 384 417 302 75 76 0 40 0 0 0 107 108 107 108 228 228 75 76 75 76 1 37 0 75 76 75 76 
422 450 384 302 75 76 73 0 37 0 107 76 75 76 75 108 107 76 75 76 75 108 0 0 75 76 75 76 
422 384 451 334 139 140 0 176 0 5 75 76 75 76 75 76 75 76 75 76 75 76 5 0 75 76 75 76 
422 417 302 6 73 0 6 0 37 0 75 76 75 76 75 76 75 76 75 76 75 76 0 6 75 76 75 76 
422 417 302 0 107 108 107 108 107 108 75 76 75 76 75 76 75 76 75 76 75 76 137 138 75 76 75 76 
418 389 390 228 75 76 75 76 75 76 75 76 75 76 75 76 75 76 75 76 75 76 107 108 75 76 75 76 
