1 1 28 16 -1 -1

tileset 2 zoria/
zoria
zoria_2

element 0

trigger 0

0 0 0 0 0 0 0 0 0 0 0 0 0 0 300 302 0 0 0 0 0 0 0 0 0 0 0 0 
107 108 0 0 37 0 73 0 0 0 0 0 37 0 300 302 0 0 0 0 39 73 0 0 37 0 0 0 
139 140 73 0 37 33 0 33 0 0 39 0 73 0 300 302 0 0 37 37 0 0 0 0 0 0 39 0 
0 0 73 0 0 0 73 0 37 0 0 73 0 0 300 302 0 0 73 73 37 0 73 37 0 0 0 0 
0 0 0 0 0 0 37 39 0 0 0 0 0 0 300 302 0 0 39 73 0 0 0 0 268 269 269 269 
107 108 0 37 33 0 0 0 0 39 0 0 0 0 300 302 0 0 0 0 0 268 269 269 384 417 384 627 
75 76 107 108 0 0 33 0 0 33 37 0 0 0 300 302 0 0 0 268 269 384 384 384 627 628 628 613 
75 76 75 76 0 0 0 0 0 0 0 0 0 0 300 384 269 269 269 384 384 449 627 628 613 644 644 644 
75 76 75 76 0 137 138 0 0 0 0 0 3 0 300 384 384 417 449 384 384 627 613 644 644 644 644 644 
75 76 75 76 137 138 0 0 0 268 269 269 269 269 384 417 384 384 384 384 627 613 644 644 644 496 497 644 
75 76 75 76 0 0 0 268 269 384 384 384 384 384 449 384 384 627 628 628 613 644 644 644 644 644 644 644 
75 76 75 76 0 268 269 384 384 417 384 449 384 417 384 627 628 613 644 644 644 644 496 644 497 644 496 644 
75 76 75 76 0 300 384 384 384 449 384 384 384 384 627 613 644 644 644 644 644 644 644 644 644 644 644 644 
75 76 75 76 0 300 384 417 384 384 417 384 417 627 613 644 644 496 497 497 644 497 644 644 644 644 644 644 
75 76 75 76 0 300 384 384 384 384 384 384 384 643 644 644 644 644 496 644 644 644 644 496 644 644 644 644 
75 76 75 76 230 300 384 384 627 628 628 628 628 613 644 644 644 644 497 644 644 644 644 644 644 644 644 644 
