1 28 16 -1 -1

tileset 2
zoria
zoria_2

element 0

0 0 0 0 0 0 0 0 0 73 0 0 0 0 0 0 0 300 384 384 384 384 384 384 643 644 497 644 
0 0 37 0 321 0 0 0 0 322 0 37 321 0 0 0 0 300 384 384 384 417 384 627 613 644 644 644 
0 0 0 0 0 37 0 0 0 0 0 0 0 73 0 0 268 384 384 384 384 384 384 643 644 497 644 644 
0 0 322 0 0 0 228 228 0 0 137 138 137 138 321 0 300 384 417 384 384 384 384 643 644 644 496 644 
0 0 0 0 0 0 228 228 0 0 137 138 137 138 0 0 300 384 384 384 449 384 384 643 644 644 644 644 
0 0 0 0 73 73 0 0 0 37 0 37 137 138 0 268 384 384 417 384 384 384 384 643 644 644 644 644 
0 0 0 0 0 0 73 0 321 0 0 0 0 0 0 300 384 384 384 384 384 384 384 643 644 497 644 644 
269 269 269 270 0 0 0 0 73 0 0 0 0 0 268 384 384 384 384 384 384 627 628 613 644 644 644 644 
333 333 384 384 269 270 0 0 0 0 0 0 0 0 300 384 384 384 384 384 384 643 644 644 644 644 644 644 
0 0 332 333 384 384 269 270 0 0 3 0 268 269 384 384 449 384 384 417 384 643 644 644 644 644 496 644 
0 0 0 0 332 333 384 384 269 269 269 269 384 384 384 384 384 384 384 384 384 643 644 644 644 496 644 644 
0 0 37 0 0 0 384 384 384 384 384 384 384 384 384 384 384 384 384 627 628 613 644 644 644 644 497 644 
321 0 37 0 0 73 332 333 384 384 384 384 384 384 384 417 384 384 384 643 644 644 644 644 644 644 644 644 
0 0 73 322 0 0 0 0 332 333 384 384 417 384 384 384 384 627 628 613 644 644 497 644 644 644 644 644 
0 0 0 37 73 0 0 37 0 0 300 384 384 417 384 384 627 613 644 644 497 644 644 644 644 644 644 644 
0 73 0 0 0 0 322 0 0 0 300 384 384 384 627 628 613 644 644 644 644 644 644 644 644 644 644 644 
