32 15
16
3 4 7 9 10 11 12
33 34 35 39 43 44 46 47 51 52 53 54
64 65 66 67 68 69 70 71 72 75 76 78 79 80 83 84 85 86
96 97 98 99 100 101 102 103 104 105 107 108 110 111 112 114 115 116 117 118
128 129 130 131 132 133 134 135 136 137 138 139 140 142 143 144 145 146 147
160 161 162 163 164 165 166 167 168 176 177 178 179 182
192 193 194 195 196 197 198 199 200
224 225 226 227 228 230 231
257 258 259
386 387 388 389 390 391 392 393 394 395 395
418 419 420 422 423 424 425 427
450 452 453 454 457 458 459