32 24 16 21
ff1
###
0 1 1 1 1 1 1 1 1 1 1 1 1 1 1 3 7 3 1 1 1 1 1 1 1 1 1 1 1 1 1 0 
6 3 7 7 8 8 8 8 8 8 8 7 7 7 7 7 4 7 3 3 3 3 7 7 7 7 7 3 3 3 3 6 
6 7 9 9 9 8 9 9 9 8 8 8 7 10 7 8 4 8 3 3 3 3 8 9 9 9 8 3 3 7 7 6 
6 8 11 12 11 13 11 14 11 13 8 8 8 10 8 8 4 8 3 3 3 7 8 15 16 15 13 7 3 10 8 6 
6 8 17 18 17 19 17 18 17 19 8 20 4 21 4 4 4 8 7 7 7 8 8 17 18 17 19 8 7 10 8 6 
6 8 8 4 8 8 8 4 8 8 8 4 8 10 8 8 4 8 8 8 8 8 8 8 4 8 8 8 8 10 8 6 
6 8 8 22 4 4 4 4 4 4 4 23 8 10 8 8 4 8 8 8 8 24 24 8 4 8 24 24 8 10 8 6 
6 8 8 8 8 8 8 8 8 8 8 8 8 10 10 10 25 10 10 10 10 10 10 10 25 10 10 10 10 10 8 6 
6 8 8 8 9 9 9 9 8 9 9 9 9 8 8 8 4 8 8 8 8 8 8 8 4 8 9 9 9 10 8 6 
6 3 8 8 11 11 26 11 13 11 11 27 11 13 8 7 4 7 8 8 8 8 8 8 4 8 11 28 11 29 8 6 
6 3 3 8 30 30 18 30 19 30 30 18 30 19 20 4 4 4 4 8 8 8 8 8 4 8 30 18 30 31 8 7 
6 3 3 3 8 8 4 8 8 8 8 4 8 7 4 4 4 4 4 7 8 8 8 8 4 8 8 4 8 10 8 7 
6 3 7 7 8 8 22 4 4 4 4 4 4 4 4 4 32 4 4 4 4 4 4 4 4 4 4 4 4 21 8 7 
6 3 33 8 8 8 8 8 8 8 8 8 8 7 4 4 4 4 4 7 8 8 8 8 8 8 8 8 8 10 8 7 
6 7 8 8 8 8 8 8 8 8 8 8 8 8 22 4 4 4 23 8 10 10 10 10 10 10 10 10 10 10 8 7 
1 1 1 1 1 1 5 5 0 9 9 9 9 9 8 7 4 7 8 8 10 8 34 1 1 1 1 1 1 1 1 1 
8 8 8 8 8 8 8 8 6 11 11 11 11 11 8 8 4 8 8 8 10 8 34 13 8 8 8 8 8 8 8 8 
8 8 8 8 8 8 8 8 6 30 30 35 30 30 13 7 4 7 8 8 10 8 34 13 8 8 8 8 8 8 8 8 
8 8 8 8 8 8 8 8 6 30 30 18 30 30 19 8 4 8 8 8 10 8 34 13 8 8 8 8 8 8 8 8 
8 8 8 8 8 8 8 8 6 8 8 4 8 8 8 7 4 7 8 8 10 8 34 13 8 8 8 8 8 8 8 8 
8 8 8 8 8 8 8 8 6 8 24 4 24 8 8 8 4 8 8 8 10 8 34 13 8 8 8 8 8 8 8 8 
8 8 8 8 8 8 8 8 6 8 8 22 4 4 4 4 4 8 8 3 10 3 34 13 8 8 8 8 8 8 8 8 
8 8 8 8 8 8 8 8 6 8 8 8 8 8 8 7 4 7 8 7 7 7 34 13 8 8 8 8 8 8 8 8 
8 8 8 8 8 8 8 8 1 1 1 1 1 1 7 7 7 7 7 1 1 1 1 19 8 8 8 8 8 8 8 8 
