20 20 10 5
tileset
tileset2
tileset3
###
0 0 0 0 0 0 0 0 0 0 0 0 0 0 0 0 3 0 0 0 
0 0 0 0 0 0 0 0 0 0 0 0 0 0 0 0 0 3 3 0 
0 0 0 0 0 3 0 0 0 0 0 0 0 0 0 0 0 0 0 0 
0 0 0 0 3 3 0 0 0 0 0 0 0 0 0 0 0 0 0 0 
0 0 0 0 3 0 0 0 0 0 0 0 3 0 0 0 0 0 0 0 
0 0 0 0 0 0 0 0 0 0 0 0 3 3 0 0 0 0 0 0 
0 0 0 0 0 0 0 0 0 0 0 0 3 0 0 0 0 2 2 2 
0 0 0 0 0 0 0 0 0 0 0 0 0 0 0 0 2 2 5 5 
0 0 0 0 0 3 0 0 0 0 0 2 2 2 2 2 2 5 5 5 
0 0 0 0 3 0 0 0 0 0 2 2 5 5 5 5 5 5 5 5 
0 0 0 0 0 0 0 0 0 0 2 5 5 5 5 5 5 5 5 5 
0 0 0 0 0 0 0 0 2 2 2 5 5 5 5 5 5 5 5 5 
0 0 0 0 0 0 2 2 2 5 5 5 5 5 5 5 5 5 5 5 
0 0 0 0 0 2 2 5 5 5 5 5 5 5 5 5 5 5 5 5 
0 0 3 0 2 2 5 5 5 5 5 5 5 5 5 5 5 5 5 5 
0 3 3 0 2 5 5 5 5 5 5 5 5 5 5 5 5 5 5 5 
0 0 0 0 2 5 5 5 5 5 5 5 5 5 5 5 5 5 5 5 
0 3 0 0 2 5 5 5 5 5 5 5 5 5 5 5 5 5 5 5 
0 0 0 0 2 5 5 5 5 5 5 5 5 5 5 5 5 5 5 5 
0 0 0 0 2 5 5 5 5 5 5 5 5 5 5 5 5 5 5 5 
