1 28 16 -1 -1
zoria
zoria_2
###
384 384 417 422 384 384 384 384 450 384 384 449 384 384 384 384 417 384 450 451 417 384 384 384 384 384 384 384 
384 449 384 422 384 417 417 451 384 384 384 384 384 333 333 333 333 333 333 333 333 417 384 384 449 384 449 384 
384 449 384 422 384 384 384 384 451 384 384 333 334 0 0 0 33 0 0 0 0 332 333 384 384 384 417 384 
450 384 384 422 384 450 384 384 384 384 334 0 0 0 6 0 0 33 0 6 0 0 0 332 333 384 384 384 
384 451 386 454 384 451 449 384 384 334 0 25 26 27 28 29 0 0 264 261 261 266 0 0 0 332 333 384 
417 386 454 384 384 384 384 384 302 0 0 58 58 59 60 60 0 0 292 293 293 294 0 0 0 0 0 332 
384 422 384 449 384 384 417 384 334 0 0 89 90 91 92 93 0 264 292 293 293 294 0 37 0 0 0 0 
384 422 384 384 384 384 450 302 0 0 0 121 122 123 124 125 0 292 292 293 293 326 5 0 33 0 0 0 
384 422 417 384 449 384 384 334 0 0 0 153 154 155 156 157 0 324 325 325 330 0 0 0 0 0 0 0 
450 422 384 384 384 384 334 0 0 33 0 0 300 384 302 3 0 0 6 0 0 0 268 269 269 269 269 269 
384 422 417 384 450 302 0 0 0 0 0 0 300 384 302 0 0 0 0 0 0 268 384 384 333 333 333 333 
417 422 449 384 384 302 0 5 37 0 73 0 332 333 384 270 0 0 0 268 269 384 333 334 0 0 0 0 
384 418 390 451 384 302 0 0 6 0 0 5 0 0 300 384 269 269 269 384 384 302 0 0 0 0 37 0 
417 384 422 384 451 302 0 0 0 73 37 73 6 0 332 333 333 333 333 333 333 334 0 5 37 0 73 0 
449 450 422 384 384 334 0 33 0 73 0 0 0 0 5 0 0 0 0 0 0 0 0 0 0 0 0 0 
384 384 422 384 302 0 0 0 0 0 0 0 0 0 0 0 0 6 0 0 5 0 0 6 0 0 0 0 
