3 2 16 12 10 10

tileset 6 tx/
tx_grass
tx_plant
tx_props
tx_stone
tx_struct
tx_wall

element 0

trigger 0

210 210 210 210 210 210 210 210 17 0 6 24 210 210 210 210 
210 210 210 210 210 210 210 210 29 17 22 17 210 210 210 210 
210 210 64 210 210 210 210 210 25 22 0 0 210 210 210 210 
210 26 26 0 0 30 11 0 0 0 0 31 0 210 210 210 
210 0 29 26 11 0 0 25 20 0 0 25 0 0 210 210 
210 49 0 32 25 29 26 26 0 25 26 0 0 0 210 210 
210 0 48 41 40 12 32 49 7 0 40 41 0 0 0 0 
210 11 0 48 0 49 0 40 26 49 25 49 33 0 49 7 
0 1 0 0 25 0 7 25 0 12 26 33 33 25 0 0 
26 29 25 0 0 0 0 0 0 0 0 50 43 17 26 0 
0 0 0 0 25 26 12 29 25 25 0 58 59 0 25 0 
12 6 26 0 0 29 25 0 0 26 0 42 51 0 12 25 

177 64 177 210 210 209 209 209 913 914 914 915 194 209 177 210 
916 917 998 918 918 918 918 918 929 455 209 931 919 920 177 210 
932 933 1014 934 934 934 934 934 929 64 209 931 935 936 64 177 
931 64 64 64 64 64 64 64 945 721 722 947 64 929 177 177 
931 64 64 64 64 130 209 194 961 740 738 963 64 945 998 918 
931 64 391 177 209 209 209 195 489 756 754 437 64 961 1014 934 
931 64 467 209 209 209 209 209 258 209 209 209 64 64 64 64 
931 64 209 209 467 209 209 209 209 209 467 467 467 290 177 177 
914 914 914 915 259 467 467 467 467 467 467 467 467 194 194 177 
210 210 409 931 914 914 914 914 914 914 915 195 177 913 966 966 
210 259 425 931 177 345 346 177 177 177 931 177 177 929 339 177 
64 64 210 931 210 177 177 259 177 177 931 177 177 929 177 177 

210 210 210 210 210 70 210 210 210 439 210 210 210 210 210 210 
210 210 210 210 85 86 87 210 64 64 64 210 210 210 210 210 
210 210 64 64 101 102 103 210 210 64 64 210 210 210 210 210 
210 210 359 64 117 118 119 210 210 210 210 210 210 210 210 210 
210 64 375 210 64 64 210 210 473 210 210 421 210 210 210 210 
210 210 64 210 210 210 64 194 64 210 210 64 210 210 210 210 
210 210 64 210 210 210 210 210 210 210 210 210 210 210 64 64 
210 64 64 210 210 210 210 210 210 334 210 210 210 210 210 210 
210 64 393 209 210 64 64 64 210 350 210 210 210 210 64 64 
64 64 64 210 64 329 330 64 365 366 367 210 210 210 64 64 
210 210 64 210 210 210 210 210 64 210 210 210 210 210 64 64 
64 64 210 210 210 210 210 210 210 210 210 210 210 210 210 210 

