2 16 12 4 4

tileset 6 tx/
tx_grass
tx_plant
tx_props
tx_stone
tx_struct
tx_wall

element 0

0 0 0 0 0 0 0 0 0 0 0 0 0 0 0 0 
0 0 0 0 0 0 0 0 1 0 1 25 0 0 3 1 
1 0 1 25 0 0 0 0 25 0 0 0 0 1 0 0 
0 3 0 0 0 25 0 0 0 0 0 0 0 0 25 1 
0 25 1 0 0 0 0 0 0 0 0 0 0 0 0 0 
0 25 0 3 0 0 32 41 0 0 0 0 0 0 0 1 
0 0 3 0 25 0 41 32 0 0 0 0 0 0 0 0 
0 41 41 0 25 42 32 41 46 0 0 0 0 0 0 3 
0 1 49 41 32 46 0 48 32 42 32 48 25 32 46 0 
49 0 1 32 25 48 32 42 48 48 32 42 32 0 3 3 
0 3 0 25 0 25 0 0 3 3 0 0 3 0 0 0 
0 3 0 25 0 0 3 0 0 0 0 0 0 3 0 0 

177 177 177 177 913 914 914 914 914 914 914 914 915 177 177 177 
177 177 177 177 929 403 193 14 193 177 12 177 931 177 177 177 
177 177 177 193 929 193 12 389 14 14 12 193 932 193 177 177 
177 467 467 467 929 193 193 405 12 193 339 0 932 193 177 177 
177 467 467 177 929 209 14 209 467 467 467 14 931 177 177 177 
177 177 467 177 945 946 717 718 946 946 946 946 947 467 177 177 
177 177 467 467 961 962 733 734 962 962 962 962 963 467 177 177 
177 177 177 467 467 177 467 467 467 467 467 467 467 177 177 177 
177 177 177 467 467 467 467 467 467 467 467 467 467 177 177 177 
177 177 177 467 177 177 177 177 467 467 177 177 177 177 177 177 
177 177 177 177 177 177 177 177 177 177 177 177 177 177 177 177 
177 177 177 177 177 177 177 177 177 177 177 177 177 177 177 177 

