3 2 16 12 0 0

tileset 6 tx/
tx_grass
tx_plant
tx_props
tx_stone
tx_struct
tx_wall

element 0

trigger 0

11 0 0 0 25 57 41 60 49 41 45 54 29 0 0 25 
24 13 0 11 0 0 49 48 49 56 14 0 11 7 31 0 
0 0 0 0 0 1 28 55 46 11 0 0 58 59 0 29 
27 12 31 0 14 0 0 0 0 25 0 0 34 43 0 1 
20 0 0 0 0 0 0 0 0 0 0 0 50 51 0 0 
0 7 25 1 0 0 0 0 0 0 0 0 58 43 0 0 
0 0 0 0 0 17 0 0 0 0 0 0 42 59 0 0 
0 0 0 0 1 49 28 0 0 0 25 13 50 51 5 0 
0 0 0 0 0 60 49 52 48 56 48 41 57 49 40 56 
0 0 29 11 0 41 1 0 5 0 0 45 0 0 0 0 
1 31 25 0 37 56 0 0 14 0 0 25 0 0 17 0 
14 0 0 0 53 57 0 0 0 0 0 0 12 0 11 0 

1009 737 738 1010 973 64 64 64 64 64 64 64 64 64 64 64 
64 753 754 64 64 64 64 64 64 64 64 64 64 64 64 64 
64 64 64 64 563 64 64 64 64 64 64 916 717 718 920 64 
64 64 64 64 64 64 64 64 64 403 64 931 733 734 936 64 
64 64 64 916 917 998 996 657 658 1041 994 957 64 64 929 563 
64 64 130 931 933 1014 1012 673 674 1057 1010 973 64 64 945 946 
1041 1042 1044 947 64 64 405 689 690 64 391 64 64 64 961 1057 
1057 1058 1060 963 64 64 64 64 64 64 64 64 64 64 64 64 
64 345 346 64 64 64 64 64 64 64 64 64 64 64 64 64 
64 64 64 64 64 64 64 64 544 545 64 64 64 64 64 64 
64 64 562 64 64 64 64 64 64 64 64 64 64 525 526 64 
64 64 64 64 64 64 64 64 64 64 64 64 64 64 64 64 

64 64 64 64 64 64 64 64 64 64 64 64 64 64 64 64 
64 65 66 67 64 64 64 64 64 64 64 64 64 64 64 64 
64 81 82 83 64 64 64 64 64 64 64 64 64 64 64 64 
96 97 98 99 100 64 64 64 64 64 64 64 64 64 64 64 
112 113 114 115 64 64 64 64 64 64 359 64 64 64 64 64 
64 64 64 64 64 64 389 64 64 64 375 64 64 64 64 64 
64 64 64 64 64 64 64 64 64 64 64 64 64 64 64 64 
64 329 330 64 64 64 64 64 64 64 64 64 64 64 64 64 
64 64 64 64 64 64 64 64 528 529 64 64 64 64 64 64 
64 64 64 64 64 64 69 70 64 64 64 64 64 509 510 64 
64 64 64 64 64 64 85 86 87 64 64 64 64 64 64 64 
64 64 64 64 64 64 101 102 103 64 64 64 64 64 64 64 

