1 28 16 -1 -1
zoria
zoria_2
###
###
1 0 0 0 0 0 0 40 0 0 5 0 300 384 643 644 644 644 644 644 644 644 644 644 644 644 644 644 
0 39 40 0 37 73 0 40 0 39 0 0 300 384 109 109 109 109 109 109 109 109 109 201 203 644 644 497 
73 40 5 73 0 39 0 73 0 0 40 268 384 384 173 173 173 173 173 173 173 173 173 201 203 644 496 644 
0 0 0 0 268 269 269 269 269 269 269 384 384 627 613 644 644 644 644 644 644 644 644 201 203 644 644 644 
269 269 269 269 384 384 384 384 384 627 628 628 628 613 644 644 644 497 644 644 497 644 644 201 203 644 497 644 
628 628 628 628 201 203 628 628 628 613 644 644 644 644 644 644 644 644 644 644 644 644 644 201 203 644 496 644 
644 644 644 644 201 203 644 644 644 644 644 644 644 482 483 644 497 496 644 496 644 644 644 201 203 644 644 497 
644 644 644 644 201 203 644 644 644 644 644 644 644 498 499 644 644 644 497 497 496 644 644 201 203 497 644 644 
644 497 497 497 201 203 644 644 496 644 644 497 644 644 644 497 644 496 644 644 644 644 644 201 203 644 644 496 
644 644 644 644 201 203 644 644 644 497 644 496 644 497 644 644 644 496 644 644 496 644 644 201 203 644 644 644 
644 496 644 644 201 203 644 644 644 644 496 496 644 497 644 644 497 644 644 497 644 644 644 201 203 644 497 644 
644 644 496 644 201 203 644 644 644 644 644 644 644 644 644 644 644 644 644 644 644 644 644 201 203 644 644 644 
644 497 644 644 201 202 109 109 109 109 109 109 109 109 109 109 109 109 109 109 109 109 109 201 203 644 644 497 
644 644 644 644 201 202 173 173 173 173 173 173 173 173 173 173 173 173 173 173 173 173 173 201 203 644 496 644 
644 644 497 644 644 644 644 644 644 644 497 644 496 644 496 644 644 644 497 644 644 644 644 497 644 644 496 644 
644 644 644 644 644 496 644 644 497 644 644 644 644 644 644 644 497 644 644 644 644 496 644 644 644 644 644 644 
