1 28 16 -1 -1

tileset 2
zoria
zoria_2

element 0

385 386 454 643 644 644 644 644 644 644 644 644 644 644 644 644 644 644 644 644 644 644 644 644 644 644 644 644 
449 422 384 643 644 497 644 644 644 644 644 644 644 644 644 644 596 660 660 660 660 660 597 644 644 644 644 644 
453 454 384 643 644 644 644 644 644 644 644 644 496 644 644 596 661 384 384 384 384 384 659 660 597 644 644 644 
384 384 384 643 644 644 644 644 644 496 644 644 644 644 644 645 384 384 384 384 417 384 417 384 659 597 644 644 
384 384 449 643 644 644 644 644 644 644 644 497 644 644 644 645 384 384 449 384 384 384 384 384 384 659 597 644 
384 449 384 643 644 644 644 497 644 644 644 644 644 644 644 645 384 417 384 449 384 176 384 384 384 384 643 644 
384 384 384 643 644 644 644 644 644 644 644 644 644 644 644 645 384 384 384 384 384 384 384 384 449 384 643 644 
384 384 384 643 644 644 644 644 644 644 644 644 644 644 644 645 384 384 384 384 384 449 384 384 384 384 643 644 
384 384 384 659 597 644 644 644 644 644 644 644 644 644 644 612 628 628 629 384 384 384 384 384 417 384 643 644 
384 384 449 384 659 660 660 660 660 660 660 660 660 597 644 644 644 644 612 628 628 628 628 628 628 628 613 644 
384 384 384 384 384 384 384 384 384 449 384 384 384 659 660 660 597 644 644 644 644 644 644 644 644 644 644 644 
333 333 333 333 333 333 333 333 333 333 333 384 449 384 449 384 659 660 597 644 644 644 644 644 496 644 497 644 
0 0 73 0 0 0 39 0 0 0 73 332 333 333 333 384 384 384 659 660 660 660 660 597 644 644 644 644 
6 5 0 0 37 0 0 6 73 5 0 0 0 0 37 332 333 384 384 384 384 384 384 659 597 644 644 644 
0 37 0 39 73 0 0 37 0 0 6 37 0 5 0 0 39 300 384 384 449 384 384 384 643 644 644 644 
0 0 0 37 0 6 0 0 73 39 0 0 37 39 0 37 0 300 384 384 384 449 384 384 643 644 644 644 
